Data File:      yeast-mod
noofIteration:  40
sizeOfSubgrah:  6
File reading time: 0.010057 sec
printing sampled graph
#(0,1,1,1,1)(1,2,1,1,1)(2,3,1,1,1)(2,4,1,1,1)(1,5,1,1,1)#1|0.025|
#(0,1,1,1,1)(1,2,1,1,1)(1,3,1,1,1)(1,4,1,1,1)(1,5,1,1,1)#1|0.025|
#(0,1,1,1,1)(1,2,1,1,1)(2,3,1,1,1)(3,4,1,1,1)(4,0,1,1,1)(4,5,1,1,1)#1|0.025|
#(0,1,1,1,1)(1,2,1,1,1)(2,3,1,1,1)(3,4,1,1,1)(3,5,1,1,1)#7|0.175|
#(0,1,1,1,1)(1,2,1,1,1)(2,3,1,1,1)(3,4,1,1,1)(2,5,1,1,1)#9|0.225|
#(0,1,1,1,1)(1,2,1,1,1)(2,3,1,1,1)(2,4,1,1,1)(2,5,1,1,1)#9|0.225|
#(0,1,1,1,1)(1,2,1,1,1)(2,3,1,1,1)(3,4,1,1,1)(4,5,1,1,1)#12|0.3|
Total Sample Time0.0063765  Total code Gen Time:0.00456285  Total insert Time:4.88758e-05
|0.0063765|0.00456285|4.88758e-05|
Program successfully terminated
