1	2
1	3
2	976
2	1006
2	1008
2	1009
2	1167
2	1196
2	1262
3	448
3	910
3	911
3	932
3	1009
4	5
4	6
4	7
4	186
4	535
4	1338
4	1754
4	1846
5	140
5	1030
5	2173
6	16
6	53
6	77
6	110
6	140
6	175
6	215
6	345
6	670
6	703
6	739
6	746
6	828
6	887
6	933
6	1043
6	1102
6	1105
6	1106
6	1107
6	1108
6	1109
6	1110
6	1111
6	1112
6	1113
6	1200
6	1319
6	1397
6	1449
6	1450
6	1451
6	1452
6	1453
6	1454
6	1455
6	1456
6	1457
7	53
7	218
7	255
7	275
7	412
7	766
7	951
7	1332
7	1338
7	1548
7	1797
7	1964
7	2069
8	9
8	858
8	1895
9	52
9	60
9	117
9	159
9	163
9	242
9	243
9	289
9	509
9	861
9	930
9	931
9	932
9	1180
10	11
10	12
10	607
11	134
11	596
11	1403
11	1524
11	1525
11	1533
12	489
12	2156
13	340
13	639
13	985
13	988
13	1226
13	1691
14	489
15	177
15	357
15	1249
15	1300
15	1444
15	1770
16	489
16	1118
17	916
17	1388
17	2055
18	19
18	20
18	21
18	1009
19	146
19	218
19	560
19	801
19	869
19	1100
19	1170
21	293
21	384
21	403
21	424
21	467
21	560
21	633
21	658
21	683
21	757
21	788
21	801
21	828
21	1100
21	1250
21	1283
21	1286
21	1343
22	23
22	24
22	25
22	26
22	380
22	2193
23	1554
25	380
25	1379
25	2087
26	380
26	1995
26	2124
27	28
27	29
28	174
28	326
28	357
28	508
28	535
28	611
28	671
28	942
28	963
28	973
28	1260
28	1264
28	1269
28	1270
28	1279
28	1285
28	1581
28	1705
28	1808
28	1815
28	1942
28	2118
28	2140
28	2172
28	2199
30	31
30	32
30	33
30	34
30	35
30	36
32	35
32	113
32	117
32	124
32	154
32	156
32	219
32	267
32	411
32	418
32	430
32	951
32	1431
32	1514
32	1641
32	1660
32	1748
32	1749
32	1750
34	56
34	108
34	163
34	239
34	471
34	518
34	816
34	890
34	1030
34	1036
34	1282
34	1299
36	117
36	222
36	377
36	379
36	518
36	535
36	558
36	976
36	999
36	1030
36	1050
36	1167
36	1334
36	1341
36	1600
36	2000
37	38
37	39
37	40
38	1613
41	42
41	43
41	44
41	45
42	45
42	948
43	57
43	203
43	265
43	268
43	270
43	288
43	289
43	292
43	308
43	427
43	518
43	956
43	963
43	1131
43	1148
43	1588
43	1682
45	46
46	164
46	307
46	646
46	683
46	951
46	1143
46	1343
47	489
48	49
48	50
48	51
48	52
48	53
48	55
49	50
49	51
49	52
49	53
49	55
49	73
49	1369
50	51
50	52
50	53
50	55
50	186
50	1133
51	52
51	53
51	55
52	53
52	54
52	55
53	55
53	66
53	71
53	186
53	206
53	213
53	376
53	490
53	552
53	555
53	874
53	975
53	1043
53	1239
53	1339
53	1394
53	1395
53	1396
53	1397
53	1398
53	1399
53	1400
53	1401
53	1402
53	1490
53	1691
53	1744
53	1774
53	1840
53	1964
53	2000
53	2014
53	2016
53	2087
54	63
54	218
54	255
54	274
54	518
54	887
54	940
54	957
54	960
54	976
54	1226
54	1243
54	1342
54	1538
54	1691
54	1770
54	1786
54	1822
54	1896
55	109
55	156
55	159
55	1147
55	1488
55	1683
56	57
56	58
56	59
56	60
56	61
57	60
57	78
57	157
57	194
57	289
57	291
57	292
57	329
57	370
57	389
57	402
57	404
57	406
57	407
57	409
57	411
57	414
57	416
57	419
57	427
57	428
57	430
57	448
57	488
57	604
57	605
57	606
57	607
57	609
57	610
57	612
57	619
57	621
57	722
57	950
57	954
57	963
57	1058
57	1091
57	1313
57	1314
57	1325
57	1326
57	1682
57	1789
57	1947
57	1969
57	2124
58	60
58	1144
58	1822
59	363
59	801
59	802
59	803
59	804
59	986
60	107
60	108
60	154
60	155
60	161
60	258
60	376
60	378
60	403
60	600
60	612
60	973
60	1065
60	1168
60	1324
60	1431
61	365
61	889
62	535
62	1424
62	2038
62	2193
63	64
63	65
63	66
63	67
63	68
63	69
63	70
63	71
63	441
63	626
63	791
63	976
63	1338
63	1691
63	1958
63	2087
64	97
64	172
64	186
64	289
64	322
64	502
64	666
64	674
64	782
64	818
64	825
64	920
64	986
64	1302
64	1311
64	1396
64	1430
64	1754
64	1826
65	535
65	555
65	658
65	888
65	973
65	1133
65	1723
65	1992
65	2154
66	134
66	229
66	387
66	535
66	627
66	658
66	969
66	976
66	1032
66	1093
66	1260
66	1310
66	1458
66	1600
66	1621
66	1691
66	1701
67	384
67	708
67	778
67	801
67	912
67	976
67	1343
68	550
68	551
68	552
68	553
68	555
68	671
68	707
68	968
68	969
68	1044
68	1047
68	1051
68	1826
68	2016
69	309
69	666
69	976
69	1118
69	1168
69	1339
69	1444
69	1770
69	2124
70	550
70	551
70	553
70	872
70	968
70	969
70	973
70	1044
70	1047
70	1051
70	1262
70	1334
71	666
72	535
72	1553
73	111
73	117
73	123
73	125
73	126
73	1338
74	75
74	76
74	77
74	78
74	79
75	111
75	129
75	140
75	506
75	523
75	802
75	937
75	942
75	1740
75	1927
75	2140
77	200
77	360
77	825
77	960
77	1285
77	1293
77	1679
77	1770
77	1846
77	1896
77	1987
77	2199
78	138
78	147
78	296
78	393
78	576
78	666
78	943
78	955
78	1190
78	1353
78	1365
78	1521
78	1583
78	2088
78	2089
78	2124
79	792
79	1822
80	795
81	82
82	489
82	1353
83	84
83	518
85	86
85	87
86	87
86	103
87	179
87	1104
88	89
88	90
88	91
88	92
88	93
88	94
88	95
88	96
88	97
88	98
89	97
89	435
89	441
89	467
89	627
89	658
89	1066
89	1082
89	1144
89	1288
90	97
90	1642
91	97
92	97
93	97
94	97
95	97
96	97
97	98
97	1240
98	1642
99	100
99	101
99	102
99	103
99	104
99	105
99	627
99	1442
102	103
103	212
103	595
103	627
103	1131
103	1382
103	1401
103	1442
103	2107
103	2108
103	2109
103	2110
103	2111
103	2112
103	2113
104	704
104	1356
104	1396
104	1835
105	411
106	1310
107	108
107	109
107	110
107	739
107	1952
108	109
108	161
108	337
108	600
108	1059
108	1065
109	177
109	337
109	461
109	489
109	600
109	931
109	1295
109	1836
109	2127
110	262
110	427
110	722
110	732
110	911
110	1161
110	1312
110	2011
110	2134
111	112
111	113
111	114
111	115
111	116
111	117
111	118
111	119
111	120
111	121
111	122
111	123
111	124
111	125
111	126
111	127
111	128
111	129
111	132
111	160
111	194
111	229
111	258
111	322
111	513
111	518
111	558
111	615
111	639
111	717
111	720
111	770
111	775
111	777
111	789
111	832
111	854
111	870
111	921
111	951
111	1064
111	1261
111	1365
111	1371
111	1379
111	1433
111	1446
111	1475
111	1512
111	1686
111	1687
111	1688
112	117
112	122
112	123
112	125
112	126
112	156
112	242
112	656
112	833
112	1170
113	117
113	122
113	123
113	125
113	126
113	156
113	242
113	292
113	427
113	656
113	932
113	1036
113	1170
113	1789
113	1891
114	116
114	117
114	120
114	122
114	123
114	125
114	126
114	558
114	722
114	754
114	1050
114	1397
114	1408
116	117
116	120
116	122
116	125
116	518
116	1472
116	2187
117	118
117	122
117	123
117	125
117	126
117	128
117	129
117	157
117	158
117	159
117	160
117	165
117	231
117	232
117	233
117	234
117	235
117	236
117	237
117	238
117	239
117	240
117	241
117	242
117	243
117	292
117	427
117	473
117	506
117	1170
117	1616
117	1836
117	1855
117	1890
117	1904
117	1914
117	2083
117	2196
118	123
118	242
118	427
118	592
119	120
119	122
119	125
119	156
119	448
119	518
119	555
119	1786
119	1912
120	123
120	125
121	122
121	123
121	125
121	126
121	239
121	441
121	601
121	615
121	616
121	801
121	1036
121	1891
122	123
122	124
122	125
122	126
122	127
122	129
122	156
122	158
122	162
122	194
122	231
122	233
122	236
122	238
122	242
122	429
122	430
122	833
122	1334
122	1335
122	1914
123	125
123	126
123	127
123	158
123	242
123	427
123	428
123	506
124	126
124	156
124	233
124	242
124	280
124	292
124	411
124	413
124	427
124	428
124	473
124	506
124	515
124	656
124	833
124	1170
124	1171
124	1387
124	1446
124	1789
124	1791
124	1836
124	1914
124	2196
125	126
125	127
125	129
125	239
125	562
126	127
126	129
126	158
126	160
126	233
126	236
126	238
126	240
126	242
126	427
126	428
126	429
126	430
126	444
126	445
126	473
126	831
126	833
126	834
126	835
126	956
126	1170
126	1171
126	1334
126	1335
126	1336
126	1682
126	1789
126	1874
126	1884
126	1914
126	1947
126	2124
126	2145
127	129
127	156
127	242
127	292
127	408
127	427
127	473
127	730
127	739
127	761
127	1036
127	1458
127	2124
128	161
128	190
128	388
128	471
128	946
128	956
128	1161
129	138
129	156
129	157
129	158
129	233
129	236
129	242
129	280
129	289
129	291
129	292
129	427
129	445
129	473
129	833
129	921
129	932
129	1036
129	1170
129	1335
129	1387
129	1446
129	1789
129	1833
129	1890
129	1891
129	1914
130	131
130	132
130	133
130	1968
133	1968
134	135
134	576
134	1365
134	1379
135	535
135	918
135	931
136	416
136	448
136	739
136	931
136	960
136	1284
136	1553
136	1554
136	1691
136	1779
136	1808
136	1857
136	1896
136	2127
137	138
137	139
137	140
137	141
137	142
137	143
137	144
137	145
137	146
137	147
137	148
137	149
137	150
137	151
137	152
137	797
138	140
138	144
138	145
138	146
138	147
138	153
138	158
138	203
138	217
138	225
138	282
138	326
138	327
138	329
138	331
138	334
138	335
138	336
138	370
138	387
138	390
138	422
138	426
138	457
138	473
138	677
138	683
138	846
138	985
138	988
138	1058
138	1101
138	1176
138	1177
138	1198
138	1522
138	1599
138	1682
138	1702
138	1703
138	1731
138	1809
138	1816
138	1831
138	1927
138	1985
138	2000
138	2062
138	2063
138	2064
138	2065
138	2066
138	2067
138	2183
139	146
139	345
139	473
139	878
139	946
139	947
139	1176
139	1349
139	1947
139	2059
140	141
140	144
140	145
140	146
140	151
140	158
140	161
140	316
140	317
140	402
140	650
140	652
140	653
140	654
140	797
140	888
140	928
140	1105
140	1107
140	1126
140	1225
140	1375
140	1393
140	1845
141	143
141	144
141	145
141	146
141	149
141	151
141	161
141	190
141	245
141	253
141	355
141	359
141	650
141	651
141	652
141	653
141	654
141	885
141	1126
142	946
142	1182
142	1299
143	144
143	146
143	244
143	486
143	642
143	652
143	1125
143	1126
144	146
144	147
144	148
144	149
144	150
144	151
144	152
144	161
144	190
144	205
144	353
144	355
144	514
144	651
144	652
144	653
144	654
144	797
144	825
144	921
144	946
144	1065
144	1124
144	1126
144	1128
144	1173
144	1174
144	1175
144	1176
144	1177
144	1178
144	1179
144	1299
144	1332
145	146
145	652
145	797
145	1124
145	1126
146	151
146	152
146	253
146	355
146	357
146	359
146	650
146	652
146	653
146	654
146	797
147	217
147	225
147	293
147	326
147	376
147	387
147	464
147	473
147	846
147	1525
147	1816
147	2135
148	205
148	946
148	1182
149	244
149	245
149	251
149	256
149	353
149	548
149	651
149	924
149	928
149	1073
149	1125
149	1126
150	796
150	946
150	1182
151	651
151	652
151	797
151	885
151	1126
152	153
152	188
152	190
152	281
152	471
152	479
152	781
152	946
152	947
152	1299
152	1947
152	1969
153	154
153	155
153	156
153	157
153	158
153	159
153	160
153	161
153	162
153	163
153	402
153	471
153	473
153	512
153	607
153	823
153	887
153	1299
153	1410
153	1802
153	1803
153	1884
154	155
154	157
154	194
154	389
154	402
154	404
154	406
154	407
154	409
154	411
154	412
154	413
154	414
154	416
154	419
154	473
154	488
154	603
154	605
154	606
154	607
154	610
154	612
154	617
154	618
154	619
154	620
154	621
155	156
155	268
155	292
155	414
155	427
155	512
155	607
155	773
155	963
156	158
156	160
156	162
156	194
156	233
156	238
156	242
156	292
156	411
156	427
156	428
156	430
156	471
156	472
156	513
156	605
156	656
156	833
156	835
156	921
156	1170
156	1446
156	1947
156	2035
157	163
157	258
157	262
157	402
157	414
157	427
157	512
157	607
157	823
157	833
157	963
157	986
157	1588
157	1682
157	1789
157	2145
157	2191
158	231
158	242
158	292
158	427
158	441
158	473
158	512
158	656
158	823
158	833
158	1170
158	1600
158	1770
158	1947
159	163
159	243
159	262
159	289
159	509
159	801
159	931
159	932
159	1180
159	1250
159	1458
159	2134
160	163
160	292
160	427
160	471
160	473
160	558
160	656
160	986
160	1170
160	1446
160	1682
160	1789
160	1884
161	188
161	190
161	191
161	193
161	228
161	292
161	357
161	414
161	473
161	474
161	479
161	514
161	722
161	723
161	781
161	946
161	947
161	1216
161	1299
161	1446
161	1682
161	1947
161	1969
161	1985
162	387
162	402
162	408
162	414
162	471
162	473
162	833
162	1312
162	1789
162	1836
162	1884
162	1947
163	228
163	262
163	601
163	932
163	947
163	1036
163	1328
163	1338
163	1947
163	1969
165	166
165	167
165	168
165	169
165	973
166	973
167	349
167	446
167	693
167	700
167	704
167	766
167	801
167	1150
167	1151
167	1152
167	1153
167	1154
167	1155
167	1156
167	1157
167	1158
167	1196
167	2031
168	1483
169	973
170	171
170	172
170	173
170	174
170	175
170	176
170	195
170	364
170	1068
170	1096
170	1396
170	1459
170	1500
170	1824
171	172
171	174
172	173
172	174
172	199
172	200
172	201
172	836
172	1096
172	1483
172	1786
173	174
174	890
174	891
174	892
174	894
174	1952
175	200
175	218
175	242
175	255
175	275
175	412
175	414
175	951
175	1200
175	1548
175	1679
175	1680
175	1760
175	1964
175	2069
175	2171
176	384
176	411
176	491
176	498
176	560
176	592
176	656
176	666
176	796
176	801
176	802
176	973
176	1120
176	1475
176	1786
176	2010
176	2105
176	2135
177	178
177	242
177	280
177	997
177	999
177	1131
177	1141
177	1227
177	1397
177	1427
177	1726
177	1755
177	2209
177	2210
177	2211
177	2212
177	2213
178	847
178	1104
178	1202
178	1306
178	1322
179	294
179	818
179	985
179	991
180	181
180	182
180	183
180	184
180	273
180	1411
180	1463
180	1588
180	1641
180	1696
180	1875
180	2157
181	182
181	183
181	299
181	300
181	301
181	302
181	303
181	1173
181	1378
181	1379
181	1836
181	1875
181	2150
181	2197
182	1354
182	1397
183	1478
185	186
185	187
185	188
185	189
185	1329
185	1605
185	1606
185	1607
186	189
186	597
186	782
186	1043
186	1102
186	1494
186	1581
186	1735
186	2119
187	188
187	189
187	980
187	992
187	1367
187	1422
187	1613
187	1669
187	1793
187	1845
187	2205
187	2206
187	2207
188	189
188	268
188	273
188	1251
188	1494
188	1641
188	1649
189	489
189	598
189	610
189	792
189	1530
190	191
190	192
190	193
190	194
190	360
190	473
190	479
190	506
190	642
190	688
190	781
190	838
190	956
190	1107
190	1131
190	1238
190	1299
190	1430
190	1445
190	1453
190	1501
190	1521
190	1559
190	1705
190	1728
190	1760
190	1770
190	1896
190	1947
190	2124
190	2140
191	1204
192	576
192	761
192	988
192	1030
192	1343
193	292
193	338
193	344
193	382
193	471
193	558
193	946
194	402
194	414
194	471
194	473
194	518
194	607
194	620
194	722
194	730
194	732
194	761
194	833
194	1030
194	1058
194	2105
195	196
195	197
198	345
199	825
199	1210
199	1338
200	201
200	229
200	297
200	311
200	312
200	313
200	314
200	315
200	316
200	357
200	499
200	535
200	539
200	555
200	647
200	730
200	858
200	861
200	877
200	906
200	919
200	942
200	987
200	1041
200	1068
200	1113
200	1226
200	1456
200	1463
200	1491
200	1492
200	1493
200	1497
200	1500
200	1527
200	1528
200	1529
200	1576
200	1623
200	1698
200	1727
200	1728
200	1729
200	1730
200	1731
200	1732
200	1733
200	1734
200	1735
200	1736
200	1737
200	1738
200	1739
200	1786
200	2011
200	2118
200	2164
200	2173
200	2191
201	311
201	312
201	313
201	314
201	315
201	357
201	499
201	647
201	730
201	940
201	1239
201	1338
201	1397
201	1401
201	1458
201	1491
201	1522
201	1769
201	1777
201	1927
201	2037
201	2056
201	2134
202	203
202	204
202	205
203	205
203	291
203	292
203	294
203	390
203	391
203	392
203	422
203	585
203	587
203	795
203	955
203	1024
203	1026
203	1027
203	1028
203	1097
203	1098
203	1099
203	1286
203	1588
203	2075
204	270
204	286
204	387
204	432
204	498
204	562
204	627
204	1260
204	1262
204	1338
204	1430
204	1774
204	1840
205	266
205	289
205	292
205	390
205	391
205	392
205	422
205	563
205	1024
205	1025
205	1026
205	1027
205	1028
205	1097
206	207
208	209
208	210
208	211
208	212
208	213
208	214
208	215
208	216
208	377
208	622
208	862
209	216
209	476
209	1661
210	308
210	463
210	708
210	720
210	722
211	377
211	788
211	1661
211	1889
212	280
212	1073
212	1130
212	1131
212	1227
213	456
214	1661
215	981
217	581
217	665
217	666
217	667
217	1446
217	1447
217	1448
217	2124
218	219
218	220
218	221
218	222
218	223
218	224
218	225
218	226
218	227
218	228
218	229
218	230
218	518
218	828
218	1113
218	1463
218	1494
218	1552
218	1562
219	1836
219	2040
220	270
220	518
220	732
220	946
220	1227
220	1251
221	806
222	223
222	224
222	225
222	227
222	432
222	895
222	896
222	897
222	898
222	899
222	900
222	901
222	902
222	903
222	904
222	905
222	906
222	907
222	908
222	955
222	978
222	1011
222	1060
222	1200
222	1223
222	1248
222	1396
222	1490
222	1554
222	1630
222	1946
223	227
223	535
223	1060
223	1200
223	1223
223	1490
223	1537
223	1554
223	1946
224	227
224	326
224	906
224	914
225	227
225	323
225	325
225	326
225	1094
225	1095
227	648
227	649
227	1060
227	1221
227	1222
227	1223
227	1554
227	1956
227	1958
227	2073
228	262
228	284
228	288
228	322
228	420
228	439
228	510
228	550
228	607
228	666
228	991
228	1299
228	1341
229	386
229	462
229	779
229	979
229	980
229	1204
229	1206
229	1207
229	1208
229	1241
229	1482
229	1770
229	1784
229	1896
229	1952
229	2011
229	2140
229	2199
230	268
230	292
230	387
230	473
230	506
230	562
230	836
230	869
230	956
230	1107
230	1283
230	1789
230	1880
230	2124
231	233
231	427
231	429
231	1170
232	242
232	506
233	242
233	280
233	427
233	473
233	506
233	656
233	833
233	1161
233	1273
233	1770
233	1789
233	1914
233	1977
233	1978
233	1979
235	427
235	506
235	739
235	1789
235	2124
236	292
236	427
236	1170
236	1836
237	516
237	517
237	778
238	427
238	473
238	1170
238	1446
239	615
239	616
239	932
239	1036
240	242
240	292
241	798
241	932
242	258
242	280
242	292
242	413
242	427
242	428
242	429
242	430
242	473
242	656
242	823
242	831
242	833
242	834
242	980
242	1066
242	1170
242	1171
242	1358
242	1362
242	1373
242	1414
242	1421
242	1469
242	1564
242	1613
242	1667
242	1668
242	1669
242	1670
242	1671
242	1672
242	1789
242	1890
242	2124
243	262
243	289
243	478
243	479
243	509
243	677
243	861
243	931
243	1029
243	1030
243	1031
243	1180
243	2134
244	245
244	246
244	247
244	248
244	249
244	250
244	251
244	252
244	253
244	254
244	255
244	256
244	257
244	258
244	259
244	260
244	261
244	928
245	256
245	353
245	651
245	924
245	1125
245	1126
246	256
246	1332
247	251
247	254
247	255
247	651
248	256
248	258
248	928
250	251
250	256
250	928
250	1332
250	2128
251	253
251	254
251	256
251	257
251	258
251	304
251	353
251	928
251	1126
251	1332
252	928
253	256
253	258
253	484
253	486
253	490
253	636
253	642
253	651
253	823
253	924
253	928
253	1124
253	1125
253	1126
253	1332
254	255
254	256
254	257
254	651
254	928
254	1126
254	1332
255	256
255	258
255	267
255	353
255	651
255	1126
255	1332
256	258
256	259
256	260
256	354
256	356
256	1332
257	651
257	1332
258	262
258	473
258	514
258	576
258	607
258	651
258	761
258	926
258	927
258	928
258	1332
259	651
259	928
259	1332
260	928
260	1332
262	263
262	264
262	265
262	266
262	267
262	268
262	269
262	270
262	271
262	272
262	273
262	1588
263	289
263	1032
264	305
265	270
265	289
265	291
265	292
265	350
265	351
265	502
265	523
265	563
265	921
265	1147
265	2128
266	288
266	294
266	558
266	560
266	707
266	782
266	788
266	818
266	825
266	985
266	986
266	991
266	1136
266	1483
267	387
267	598
267	871
267	872
267	873
267	874
267	875
267	876
267	877
267	1322
267	1340
268	291
268	339
268	779
268	1521
268	1690
268	2004
269	1339
270	289
270	291
270	292
270	349
270	350
270	351
270	352
270	802
272	620
272	1300
272	1338
272	1600
273	280
273	357
273	414
273	489
273	563
273	592
273	597
273	656
273	784
273	947
273	973
273	976
273	986
273	1030
273	1098
273	1216
273	1262
273	1338
273	1435
273	1522
273	1601
273	1740
273	1770
273	1896
273	1966
273	2014
273	2028
274	275
274	276
274	277
274	278
274	279
274	280
274	281
274	282
274	283
274	284
274	457
274	868
275	276
275	277
275	278
275	279
275	281
275	282
275	283
275	284
275	310
275	457
275	512
275	868
275	1113
275	1463
276	277
276	279
276	280
276	281
276	282
276	283
276	284
276	306
276	457
276	512
276	868
277	278
277	279
277	280
277	281
277	282
277	283
277	284
277	285
277	306
277	457
277	512
277	868
278	279
278	281
278	282
278	283
278	457
278	512
278	868
278	939
279	280
279	281
279	282
279	283
279	284
279	457
279	512
279	866
279	868
279	939
280	281
280	282
280	283
280	429
280	457
280	478
280	479
280	512
280	649
280	739
280	830
280	834
280	868
280	939
280	1073
280	1175
280	1335
280	1355
280	1356
280	1365
280	1375
280	1382
280	1409
280	1410
280	1411
280	1412
280	1413
280	1414
280	1415
280	1416
280	1805
281	282
281	283
281	284
281	306
281	457
281	868
281	1333
282	283
282	284
282	306
282	457
282	512
282	866
282	867
282	868
283	284
283	512
283	868
283	939
284	305
284	306
284	307
284	363
284	457
284	512
284	704
284	921
284	995
285	292
286	287
286	347
286	480
286	498
286	624
286	1168
288	289
288	290
288	291
288	292
288	293
288	294
288	548
289	291
289	292
289	295
289	296
289	297
289	298
289	626
289	963
289	1588
290	378
290	535
290	558
290	826
290	921
290	1017
290	1050
290	1740
290	1969
291	292
291	308
291	739
291	956
291	963
291	1107
291	1148
291	1305
291	1588
291	1682
291	2090
292	298
292	306
292	308
292	349
292	411
292	427
292	513
292	518
292	558
292	612
292	738
292	789
292	921
292	951
292	956
292	963
292	1039
292	1065
292	1131
292	1147
292	1148
292	1170
292	1225
292	1375
292	1387
292	1431
292	1506
292	1588
292	1644
292	1649
292	1679
292	1682
292	1834
292	1850
292	1927
292	1929
292	1980
292	1981
292	1982
293	294
293	558
293	590
293	818
293	825
293	991
294	535
294	558
294	559
294	560
294	585
294	586
294	587
294	588
294	589
294	590
294	591
294	660
294	818
294	825
294	991
296	1922
297	931
297	932
297	1180
297	2134
305	306
305	307
305	308
306	307
308	438
308	817
308	1039
308	1080
308	1081
308	1185
309	310
309	1354
309	1569
311	315
311	1744
312	315
312	499
312	637
312	730
312	960
312	1219
313	315
313	411
313	499
313	1219
314	315
315	415
315	730
315	987
316	317
316	739
316	1332
316	1430
316	1770
316	1827
316	1896
316	1987
316	2039
316	2123
316	2137
316	2199
317	951
317	1176
317	1332
317	1796
317	1840
317	1987
317	2039
317	2083
317	2140
318	319
318	320
318	321
320	427
322	323
322	324
322	325
322	326
322	548
322	806
322	931
322	1285
322	1353
322	1381
322	1489
322	1521
322	1538
322	1770
322	1778
322	1848
322	1886
322	1896
322	2039
322	2117
322	2127
322	2164
323	326
324	732
324	946
324	1136
324	1312
325	326
326	488
326	557
326	1094
326	1095
326	1301
326	1578
326	1579
326	1580
327	328
327	329
327	330
327	331
327	332
327	333
327	334
327	335
327	336
327	370
327	1058
329	330
329	331
329	332
329	334
329	335
329	336
329	370
329	371
329	372
329	660
329	1058
330	334
330	370
330	1058
331	334
331	370
331	1058
332	334
332	370
332	802
332	1058
332	2083
333	334
333	370
333	1058
334	335
334	336
334	370
334	371
334	389
334	605
334	802
334	1058
335	370
335	802
335	1058
336	370
336	660
336	1058
337	502
338	339
338	340
338	341
338	342
338	343
338	344
339	340
339	341
339	890
339	893
339	989
339	990
339	1944
340	341
340	555
340	632
340	838
340	890
340	893
340	980
340	988
340	989
340	1362
340	1376
340	1433
340	1458
340	1720
340	1824
340	2000
341	555
341	872
341	890
341	988
341	1093
341	1482
341	1565
341	1824
341	1944
341	2053
341	2054
343	806
343	1461
343	1786
343	2219
344	381
344	382
344	558
344	1338
345	346
345	347
345	348
345	411
345	518
345	1834
345	1880
345	1881
346	1396
346	1481
346	2215
347	677
347	1343
349	350
349	351
349	352
349	1502
353	354
353	355
353	356
353	357
353	358
353	359
353	651
353	924
353	1126
354	596
354	651
354	924
354	1124
354	1125
354	1126
354	1332
355	651
355	928
355	946
355	1124
355	1126
356	924
356	1124
356	1126
357	606
357	611
357	924
357	1092
357	1093
357	1126
357	1202
357	1251
357	1356
357	1465
357	1563
357	1676
358	651
358	924
358	928
358	1124
358	1125
358	1126
359	486
359	651
359	652
359	823
359	924
359	928
359	1124
359	1126
359	2083
360	361
360	362
360	363
360	656
360	732
360	1475
360	1896
360	2118
361	363
361	611
361	947
361	1120
361	1475
361	1868
361	2026
361	2133
361	2134
362	416
362	1444
362	1475
362	1857
363	380
363	420
363	424
363	432
363	801
363	818
363	951
364	365
364	506
364	615
364	739
364	791
364	1458
364	1554
364	1600
364	1646
364	1682
364	1770
364	1896
364	2016
364	2199
365	562
366	367
366	368
366	369
366	634
366	640
366	739
366	833
367	739
368	739
369	739
370	371
370	372
370	582
370	802
370	1058
371	582
371	1058
373	374
373	375
373	376
374	518
374	782
374	1433
374	1537
374	1569
374	1824
374	2214
375	2082
376	556
376	647
376	778
376	782
376	783
376	784
376	785
376	792
376	825
376	976
376	996
376	1362
376	1396
376	2027
377	378
377	379
378	535
378	558
378	564
378	587
378	702
378	825
378	826
378	921
378	1000
378	1001
378	1002
378	1017
378	1018
378	1019
378	1020
378	1021
378	1022
378	1049
378	1050
378	1646
378	2031
379	535
379	999
379	1000
379	1001
379	1002
379	1003
379	1004
379	1005
379	1050
379	1334
379	1786
381	382
381	558
383	489
383	592
384	385
384	386
384	387
384	388
385	655
386	441
386	467
386	518
386	581
386	592
386	597
386	627
386	658
386	801
386	976
386	1030
386	1032
386	1120
386	1202
386	1260
386	1286
387	410
387	506
387	518
387	554
387	555
387	773
387	824
387	835
387	877
387	896
387	898
387	899
387	906
387	908
387	933
387	934
387	935
387	936
387	937
387	938
387	1292
387	1340
387	1868
387	1932
388	1740
389	390
389	391
389	392
389	402
389	607
389	722
389	1058
390	1028
390	1097
390	1581
391	1097
393	394
393	395
393	396
393	523
393	739
393	806
393	2134
394	523
394	761
394	1114
396	624
397	398
397	399
397	400
397	401
397	813
397	2051
402	403
402	404
402	405
402	406
402	407
402	408
402	409
402	410
402	411
402	412
402	413
402	414
402	415
402	416
402	417
402	418
402	419
402	592
402	607
402	739
402	931
402	940
402	1312
402	1836
402	2195
403	408
403	523
403	1312
404	607
404	1754
405	607
406	607
407	414
407	607
407	932
407	963
408	410
408	417
408	473
408	513
408	542
408	739
408	940
408	1312
408	1313
408	1314
408	1512
408	1712
409	607
411	412
411	414
411	473
411	518
411	593
411	607
411	612
411	613
411	614
411	963
411	1349
411	1789
411	1836
411	1884
411	1947
411	2124
411	2145
412	607
412	1113
412	1387
412	1463
412	1552
412	2164
413	414
413	605
413	607
413	954
413	963
413	1804
414	419
414	430
414	488
414	603
414	604
414	605
414	606
414	607
414	608
414	609
414	610
414	611
414	754
414	952
414	1113
414	1367
414	1396
414	1512
414	1552
414	1682
414	1688
414	1745
414	1924
414	1925
415	432
415	518
415	538
415	597
415	627
415	658
415	802
415	836
415	888
415	1238
415	1262
416	607
416	1371
416	1380
416	1972
417	739
417	1312
419	607
420	421
420	422
420	423
420	424
420	425
420	426
420	1107
421	424
422	424
424	425
424	426
424	446
424	447
424	1107
425	541
425	1107
426	473
426	1107
426	1155
426	2031
427	428
427	429
427	430
427	444
427	445
427	471
427	472
427	473
427	603
427	615
427	656
427	830
427	831
427	832
427	833
427	834
427	1038
427	1170
427	1392
427	1393
427	1855
427	1890
427	1914
427	2124
428	473
428	823
428	833
428	1032
428	1170
428	1446
428	1947
429	656
429	739
429	1170
429	1914
430	833
430	951
431	489
431	931
431	1779
431	1795
431	2036
432	433
432	434
432	1896
435	436
435	437
435	438
435	607
435	856
438	856
438	858
438	868
438	1075
438	1076
438	1077
438	1078
438	1079
438	2178
438	2179
439	440
439	441
439	442
439	443
441	442
441	443
441	444
441	445
442	1044
443	501
444	833
444	937
444	1170
444	1836
445	1588
445	1884
446	677
446	693
446	998
446	1308
447	506
447	818
447	1107
447	2031
448	904
448	1006
448	1007
448	1014
448	1225
448	1376
448	1494
448	1497
448	1595
448	1641
448	1726
448	2200
449	450
449	451
449	452
449	453
449	454
449	455
453	1284
453	2069
455	1251
456	479
457	458
457	459
457	460
457	512
457	868
458	833
461	462
461	463
461	464
461	494
461	548
461	622
461	887
461	965
461	1040
461	1418
461	1476
461	1510
461	1618
461	1650
461	1708
461	1709
461	1710
461	1711
461	1896
461	2091
463	464
463	623
463	1209
465	466
466	480
466	1337
466	1896
467	468
467	469
467	470
468	535
468	550
468	551
468	553
468	555
468	872
468	968
468	969
468	1044
468	1047
468	1051
468	1691
468	1826
469	627
471	472
471	473
471	474
471	592
471	2083
472	473
472	656
472	823
472	1170
472	1836
472	1884
473	513
473	515
473	558
473	605
473	607
473	612
473	776
473	781
473	789
473	870
473	951
473	952
473	1029
473	1073
473	1387
473	1431
473	1512
473	1659
473	1688
473	1790
473	1791
473	1832
473	1880
473	1885
473	2094
473	2095
473	2096
473	2097
474	486
474	730
474	732
474	759
474	761
474	1299
475	476
475	477
475	478
475	479
475	480
475	481
475	482
475	483
475	582
476	538
476	560
476	788
476	836
476	1202
476	1283
476	1343
477	479
477	480
477	481
477	482
477	535
477	792
477	1332
477	1691
477	1770
477	1964
477	1986
477	2011
477	2216
478	479
478	480
478	481
478	482
478	582
478	1182
478	1299
478	1588
479	480
479	482
479	483
479	781
479	1588
479	1606
480	481
480	482
480	483
480	492
480	493
480	582
480	739
480	882
480	978
480	1102
480	1120
480	1239
480	1270
480	1358
480	1418
480	1454
480	1455
480	1457
480	1493
480	1529
480	1531
480	1534
480	1588
480	1819
480	1844
480	1935
481	482
481	483
481	519
481	582
481	919
481	975
481	1270
481	1402
481	1453
481	1544
481	1545
481	1546
481	1588
482	483
482	582
482	1065
482	1144
483	582
483	1098
483	1588
484	485
484	486
484	487
484	488
484	489
484	490
484	1624
485	486
485	490
485	642
485	766
485	823
485	924
485	928
485	1126
485	1519
485	2120
486	489
486	490
486	635
486	639
486	643
486	651
486	722
486	737
486	740
486	744
486	746
486	750
486	753
486	756
486	923
486	924
486	925
486	928
486	1124
486	1126
487	823
487	928
488	607
488	823
488	963
489	490
489	549
489	567
489	622
489	636
489	642
489	651
489	673
489	779
489	887
489	924
489	925
489	928
489	1040
489	1065
489	1124
489	1125
489	1126
489	1227
489	1356
489	1365
489	1379
489	1380
489	1476
489	1478
489	1481
489	1510
489	1511
489	1573
489	1605
489	1606
489	1643
489	1650
489	1651
489	1652
489	1653
489	1654
489	1655
489	1656
489	1657
489	1658
489	1659
489	1660
490	636
490	642
490	644
490	651
490	823
490	924
490	925
490	928
490	1125
490	1126
490	1500
491	658
491	973
491	976
491	1093
491	1120
493	1120
494	495
494	496
494	497
494	1280
494	1384
494	1403
494	1404
494	1405
494	1406
494	1407
494	2140
495	2011
496	1407
496	1794
496	1891
496	2105
497	1384
497	1559
500	980
500	1391
500	1492
500	1592
500	1821
502	503
502	504
502	505
506	507
506	508
506	519
506	562
506	576
506	781
506	952
506	1105
506	1141
506	1174
506	1397
506	1464
506	1465
506	1466
506	1467
506	1468
506	1469
506	1470
506	1471
506	1472
506	1473
506	1474
508	1449
509	510
509	511
509	518
509	550
509	669
509	1789
510	511
510	550
510	1421
510	1965
511	550
512	513
512	514
512	515
512	607
512	946
513	656
513	666
513	833
513	956
513	1682
513	1789
513	1836
513	1947
513	1969
513	2114
513	2124
514	823
514	1161
515	607
515	620
516	778
517	778
518	519
518	520
518	521
518	522
518	523
518	524
518	525
518	526
518	527
518	528
518	529
518	530
518	531
518	532
518	533
518	534
518	535
518	536
518	537
518	739
518	788
518	921
518	937
518	1050
518	1588
518	1831
518	1844
518	1876
518	1896
518	1904
518	1960
518	2124
518	2158
519	802
519	1490
519	2010
519	2135
520	722
523	550
523	558
523	921
523	955
523	1147
523	1512
523	1807
523	1808
524	582
524	620
524	917
524	1285
525	1600
527	985
527	991
534	890
534	1030
535	539
535	564
535	567
535	593
535	661
535	826
535	838
535	966
535	971
535	975
535	980
535	985
535	999
535	1000
535	1001
535	1002
535	1003
535	1005
535	1017
535	1018
535	1019
535	1021
535	1023
535	1050
535	1365
535	1378
535	1400
535	1401
535	1417
535	1418
535	1419
535	1420
535	1421
535	1422
535	1423
535	1424
535	1425
535	1426
535	1427
535	1428
535	1429
535	1430
535	1431
535	1432
535	1433
535	1434
535	2014
537	1282
537	1506
538	539
538	540
538	2193
539	634
539	639
539	640
539	642
539	658
539	1338
540	833
540	973
540	1339
541	1951
541	1992
542	543
542	544
542	545
542	546
542	592
545	739
545	1176
545	1300
545	1430
545	1896
545	2134
545	2199
547	548
548	803
548	1884
549	2056
550	551
550	552
550	553
550	554
550	555
550	556
550	1826
551	552
551	553
551	554
551	555
551	556
551	593
551	624
551	872
551	899
551	902
551	968
551	969
551	1041
551	1043
551	1044
551	1051
551	1338
551	2016
551	2083
552	553
552	555
552	593
552	895
552	899
552	900
552	968
552	969
552	973
552	1044
552	1047
552	1048
552	1051
552	1262
552	1490
552	1786
552	1826
552	1992
552	2083
552	2098
553	554
553	555
553	556
553	593
553	639
553	647
553	872
553	968
553	969
553	1041
553	1043
553	1044
553	1045
553	1047
553	1051
553	1600
553	1691
553	1826
553	1840
553	1857
553	2069
554	555
554	707
554	1044
554	1051
554	1260
554	1262
554	1826
554	2118
555	556
555	872
555	942
555	968
555	969
555	973
555	976
555	978
555	1041
555	1042
555	1043
555	1044
555	1047
555	1051
555	1262
555	1337
555	1379
555	1385
555	1497
555	1500
555	1522
555	1641
555	1675
555	1691
555	1826
555	1840
555	1857
555	1917
555	1944
555	2011
555	2118
556	872
556	968
556	969
556	1044
556	1047
556	1051
556	1505
556	1826
558	559
558	560
558	561
558	562
558	563
558	564
558	565
558	788
558	937
558	1349
558	1381
558	1538
558	1886
558	1966
558	1969
558	2039
558	2075
558	2134
559	985
560	707
560	825
560	985
560	991
560	1883
561	825
561	991
561	1504
562	565
562	773
562	809
562	810
562	811
562	812
562	813
562	921
562	994
562	1332
562	1445
562	1553
562	1600
562	1806
562	2157
563	564
563	985
563	1362
563	2132
564	826
564	921
564	1017
564	1969
565	707
565	921
565	1475
566	806
566	1890
567	806
567	931
567	1250
567	1318
567	1836
567	2183
568	569
568	570
568	571
568	572
568	573
568	574
568	575
574	1581
576	577
576	578
576	579
576	580
576	739
576	806
576	1691
576	1840
576	1927
576	2172
581	665
582	583
582	584
585	825
587	778
587	782
587	818
587	825
587	991
590	818
590	825
590	991
590	1210
591	825
592	593
592	594
592	627
592	943
592	955
592	1013
592	1043
592	1088
592	1102
592	1270
592	1314
592	1355
592	1401
592	1454
592	1455
592	1478
592	1493
592	1507
592	1524
592	1525
592	1526
592	1527
592	1528
592	1529
592	1530
592	1531
592	1532
592	1533
592	1534
592	1535
592	1536
592	1537
593	627
593	872
593	896
593	940
593	968
593	969
593	973
593	1030
593	1044
593	1047
593	1051
593	1120
593	1430
593	1786
596	597
596	598
596	599
596	918
596	957
596	960
596	1044
596	1691
596	1770
596	1914
596	1968
597	598
597	599
597	1430
598	1322
598	1430
598	2195
601	602
602	1269
602	1270
603	607
603	1836
604	607
604	611
604	963
605	607
605	823
605	833
605	957
605	963
605	1058
605	1836
605	1884
606	607
606	951
606	957
606	963
606	1421
606	1893
606	1894
607	609
607	610
607	611
607	612
607	619
607	620
607	621
607	800
607	817
607	895
607	898
607	908
607	954
607	955
607	956
607	957
607	958
607	959
607	960
607	961
607	962
607	963
607	1648
610	937
610	963
610	1284
611	632
611	798
611	828
611	921
611	963
611	1106
611	1385
611	1393
611	1478
611	1673
611	1674
612	1251
614	683
614	1227
614	1262
614	1302
614	1306
615	616
615	1332
615	1770
615	1836
615	1904
615	1983
615	1985
616	1686
617	963
619	2173
620	1604
621	963
622	623
622	634
622	1430
624	625
624	626
624	801
624	878
624	1114
624	1115
624	1265
624	1279
624	1358
624	1392
624	1430
624	1466
624	1531
624	1595
624	1641
624	2161
624	2162
624	2163
626	1114
626	1251
626	1640
626	2221
626	2222
626	2223
626	2224
627	628
627	629
627	630
627	631
627	632
628	1202
628	1691
628	1786
628	1857
628	2017
631	658
631	788
631	1202
632	658
632	1202
632	1691
634	635
634	636
634	637
634	638
634	639
634	640
634	641
634	642
635	642
635	928
636	639
636	640
637	639
637	640
637	642
637	1126
637	1227
637	1251
639	640
639	642
639	645
639	928
639	2083
640	642
640	1357
640	1630
641	946
642	643
642	644
642	645
643	651
643	1126
644	924
646	647
646	1338
646	2192
647	683
647	1143
648	649
649	1952
649	2056
650	651
650	652
650	797
650	1124
651	653
651	654
651	926
651	1127
651	1129
652	653
652	654
652	797
652	1124
652	1126
653	797
654	797
654	963
654	1126
656	657
656	658
656	659
656	833
656	1170
658	880
658	1088
658	1089
658	1090
658	1120
658	1130
658	2105
658	2181
659	1058
659	2055
660	661
660	662
660	2016
660	2071
661	2183
662	2016
662	2071
663	664
663	1588
665	666
665	667
665	668
666	667
666	1458
667	951
669	670
669	1227
669	1836
670	1032
670	1180
670	2216
671	672
672	1836
674	675
674	676
677	678
677	679
677	680
677	681
677	682
677	683
677	684
677	685
677	686
677	687
677	688
677	689
677	690
677	691
677	692
677	693
677	694
677	695
677	696
677	697
677	698
678	683
678	693
678	908
678	998
678	1120
678	2169
679	693
679	998
680	683
680	693
680	998
680	1159
680	2173
681	693
681	998
681	2101
682	683
682	693
682	998
683	685
683	686
683	687
683	688
683	689
683	690
683	692
683	693
683	694
683	695
683	696
683	697
683	699
683	700
683	701
683	702
683	703
683	704
683	998
684	693
684	998
685	693
685	998
686	693
686	998
686	1097
686	1194
686	1800
686	1801
687	693
687	998
688	693
688	998
688	1385
689	693
689	761
689	986
689	998
689	1159
690	693
690	998
691	693
691	998
692	693
692	998
692	1159
693	694
693	695
693	696
693	697
693	700
693	701
693	704
693	1014
693	1155
693	1159
693	1160
694	998
695	998
696	998
696	1125
697	998
700	704
700	766
700	986
700	1155
700	1196
701	998
702	1343
704	707
704	766
704	986
704	997
704	1151
704	1154
704	1155
704	1157
704	1193
704	1194
704	1195
704	1196
704	1198
704	1199
704	1241
705	706
705	976
705	1374
705	1911
707	766
707	887
707	986
708	709
708	710
708	711
708	712
708	713
708	714
708	715
708	716
708	717
708	718
708	719
708	720
708	721
708	722
708	723
708	724
708	725
708	726
708	727
708	728
708	729
709	720
709	722
711	720
711	722
713	720
713	722
713	1293
714	720
714	722
715	722
716	722
717	720
717	722
718	720
718	722
719	720
719	722
720	721
720	722
720	726
720	727
720	728
720	729
720	775
721	722
722	723
722	725
722	726
722	727
722	728
722	769
722	770
722	771
722	772
722	773
722	774
722	775
722	776
722	777
723	1351
730	731
730	732
730	733
730	734
730	735
730	736
730	737
730	738
730	739
730	740
730	741
730	742
730	743
730	744
730	745
730	746
730	747
730	748
730	749
730	750
730	816
732	737
732	740
732	741
732	744
732	746
732	747
732	751
732	752
732	753
732	754
732	755
732	756
732	757
732	758
733	761
734	759
734	761
735	761
736	761
737	759
737	761
737	839
738	759
738	761
738	839
739	933
739	940
739	944
739	966
739	1050
739	1068
739	1080
739	1105
739	1107
739	1109
739	1302
739	1309
739	1312
739	1339
739	1356
739	1357
739	1358
739	1359
739	1360
739	1361
739	1362
739	1363
739	1364
739	1365
739	1366
739	1367
739	1368
739	1369
739	1370
739	1371
739	1372
739	1373
739	1374
739	1375
739	1376
739	1377
739	1378
739	1379
739	1380
740	761
741	759
741	761
743	998
744	759
744	761
745	761
745	839
746	759
746	839
746	1262
747	1182
748	1884
749	761
750	761
751	761
753	759
753	761
753	839
754	761
755	1136
755	1144
755	1312
756	761
756	839
757	1074
758	761
759	760
760	761
761	762
761	763
761	764
761	765
761	766
761	767
761	768
766	779
766	986
766	1113
766	1150
766	1153
766	1188
766	1189
766	1193
766	1194
766	1196
766	1241
766	1286
766	1457
766	1463
766	1552
766	1908
773	796
773	1176
773	1659
773	1793
773	1832
773	2058
773	2059
778	779
778	780
778	781
778	782
778	1969
779	1846
779	1896
780	918
781	887
781	918
781	960
781	1118
781	1216
781	1227
781	1262
781	1285
781	1332
781	1554
781	1691
781	1770
781	1840
781	1896
781	2116
781	2140
781	2154
782	783
782	784
782	785
782	786
782	787
782	788
782	789
782	790
782	791
782	792
782	793
782	794
783	1588
783	1969
784	980
784	1030
784	1362
784	1365
784	1500
785	976
785	2011
785	2139
786	788
786	996
788	810
788	855
788	876
788	964
788	965
788	966
788	967
788	1421
788	1427
788	1565
788	1934
788	2019
789	792
789	1588
789	1947
789	2124
789	2182
790	1512
790	1543
791	996
791	1358
791	1466
791	1471
791	1478
791	1726
791	1760
791	1823
791	1877
792	1486
792	1512
793	1295
794	1113
794	1552
796	1251
797	1126
798	799
801	804
801	806
801	807
801	808
801	994
802	804
802	805
802	806
802	994
802	1251
802	1786
802	2069
804	806
804	807
805	806
806	807
806	844
806	997
806	1341
806	1379
806	1394
806	1475
806	1476
806	1477
806	1478
806	1479
806	1480
806	1481
806	1482
806	1515
806	1637
807	808
807	1030
807	1967
809	1283
812	944
812	994
812	1283
814	815
815	1030
815	1744
816	817
817	833
818	819
818	820
818	821
818	822
818	1097
821	2075
823	824
823	2124
824	1299
825	826
825	827
826	1000
826	1001
826	1017
826	1018
826	1019
826	1020
826	1021
826	1022
828	829
828	1106
828	1564
833	835
833	1170
833	1221
833	1320
834	951
834	1874
835	1170
835	1645
836	837
836	838
838	1490
838	1521
838	1691
838	1702
838	1840
838	1944
838	1964
838	2011
838	2014
838	2164
839	840
839	841
839	842
839	843
839	845
842	843
842	845
847	848
847	849
847	850
847	851
847	852
848	852
849	852
850	852
851	852
853	854
853	855
853	1066
854	1891
855	909
855	947
855	1060
855	1100
856	857
856	858
856	859
856	860
856	861
858	1075
858	1076
858	1079
858	1760
858	1836
858	2081
859	860
859	1281
859	2008
861	931
861	932
861	1180
861	2014
861	2134
862	863
862	864
862	865
866	868
867	1061
867	1063
869	870
870	1283
870	1844
872	969
872	1044
872	1047
872	1051
872	1262
872	1691
872	1826
873	1322
874	1107
874	1786
875	1293
875	1303
876	1322
876	1338
877	1322
877	1541
878	879
879	1600
880	881
880	882
880	883
880	884
880	885
880	886
880	1197
882	883
882	884
882	886
883	885
884	885
885	886
885	1274
885	1951
886	2020
888	1600
888	1912
890	891
890	892
890	893
890	894
891	1958
895	896
895	902
895	908
895	969
896	898
896	899
896	900
896	902
896	903
896	908
896	914
896	915
896	969
897	902
897	969
897	1044
898	902
898	908
898	969
899	902
899	908
899	969
899	1044
899	1047
900	908
900	969
901	902
901	908
901	969
901	1044
902	903
902	904
902	906
902	908
902	969
902	1044
902	1046
902	1338
902	1494
902	1920
902	1921
903	908
903	969
903	1338
906	908
906	1430
908	914
908	969
908	1044
908	1046
908	1064
909	910
909	911
909	1113
909	1331
909	1463
909	1494
909	1552
909	1919
910	911
910	1301
911	1348
911	1958
912	913
914	1101
916	1354
916	1369
918	1227
918	1284
918	1365
918	1422
918	1455
918	1506
918	1726
918	1765
920	921
920	922
920	1827
920	2087
921	1431
921	1512
921	1844
921	1914
921	1961
921	2158
924	925
924	1129
924	1146
925	928
925	1126
926	928
926	1126
926	1332
928	929
930	1403
931	1042
931	1227
931	1355
931	1410
931	1511
931	1560
931	1606
931	1607
931	1643
931	1650
931	1651
931	1652
931	1655
931	1656
931	1727
932	1029
932	1031
932	1180
932	1217
932	1218
933	1309
937	1512
940	941
940	942
940	943
940	1495
940	1699
940	1700
940	2011
940	2086
942	978
942	1270
942	1356
942	1483
942	1521
942	1676
942	1995
942	1996
942	1997
943	944
943	2128
944	945
944	2128
946	947
946	948
946	949
947	1092
947	1649
947	1682
948	1136
951	952
951	953
951	1113
951	1463
951	1537
951	1552
951	1789
951	1884
951	2124
952	2105
956	961
956	1512
956	1568
956	1593
956	1659
956	1791
956	2079
956	2080
957	1066
957	1230
957	1356
957	1376
957	1421
958	963
960	977
960	1317
960	1371
960	1478
960	1563
960	1641
960	1726
960	1939
960	1942
963	1313
963	1330
963	1331
963	1387
963	1614
963	1615
963	1616
966	1269
966	1270
966	1521
966	1848
966	1896
966	2172
968	969
968	970
968	971
968	972
968	1661
968	1783
969	973
969	1041
969	1042
969	1043
969	1044
969	1047
969	1051
969	1066
969	1262
969	1600
969	1691
969	1826
972	2019
973	974
973	975
973	1362
973	1365
973	1397
973	1466
973	1471
973	1563
973	1595
973	1641
973	1693
973	1761
973	1823
973	2021
973	2140
974	1202
975	1225
975	1430
975	1491
975	1691
975	2060
975	2098
975	2216
976	977
976	978
976	979
976	980
976	1279
977	988
977	1262
977	1338
977	1691
978	1383
978	1600
978	1786
978	1840
978	1966
978	2016
978	2115
978	2124
979	1219
980	1060
980	1600
980	1691
980	1770
980	1896
981	1036
982	983
982	984
983	1343
985	986
985	991
986	1150
986	1188
986	1189
986	1190
986	1191
986	1192
986	1193
986	1194
986	1241
986	1286
988	989
988	1397
988	1426
988	1478
988	1546
988	1658
988	1726
988	1944
988	2014
988	2060
992	993
992	1774
993	1215
993	1489
993	1588
994	1109
994	1227
994	1237
994	1378
994	1437
994	1618
994	1689
994	1713
994	1908
994	2018
994	2146
994	2147
994	2148
994	2149
994	2150
994	2151
994	2152
995	1581
996	997
999	1000
999	1001
999	1002
999	1003
999	1004
999	1050
1000	1006
1000	1009
1000	1017
1001	1006
1001	1008
1001	1009
1001	1017
1001	1439
1002	1008
1002	1017
1002	1439
1003	1017
1003	1327
1003	1723
1006	1007
1006	1008
1006	1009
1006	1010
1006	1011
1006	1012
1006	1013
1006	1439
1006	2011
1006	2091
1007	1008
1007	1009
1008	1009
1008	1010
1008	1013
1008	1014
1008	1016
1008	2091
1009	1010
1009	1011
1009	1013
1009	1014
1009	1015
1010	1327
1011	2091
1014	1196
1014	1439
1014	2091
1016	1107
1016	1241
1016	2124
1017	1018
1017	1019
1023	1848
1026	1097
1028	1097
1029	1682
1030	1182
1030	1185
1030	1186
1030	1187
1030	1682
1032	1033
1032	1034
1032	1035
1034	2194
1035	2194
1036	1037
1036	1038
1036	1039
1036	1040
1039	1299
1041	1044
1041	1051
1041	1482
1041	1691
1041	1774
1041	1826
1042	1826
1043	1044
1043	1047
1043	1051
1043	1505
1043	1826
1043	1846
1044	1045
1044	1046
1044	1047
1044	1051
1044	1053
1044	1514
1044	1641
1044	1691
1044	1826
1044	1857
1044	2060
1044	2118
1045	1826
1046	1987
1050	2132
1050	2173
1051	1052
1051	1691
1051	1826
1051	1857
1052	1321
1053	1054
1053	1055
1053	1056
1053	1057
1058	1059
1059	2055
1061	1062
1061	1063
1064	1101
1065	1896
1065	1966
1066	1067
1066	1068
1066	1069
1066	1070
1066	1071
1066	1072
1068	1284
1068	1389
1068	1553
1068	1684
1068	1690
1068	1789
1068	1840
1068	1896
1068	2011
1068	2180
1069	2128
1073	1103
1073	1131
1073	1396
1073	1460
1073	1592
1073	1593
1073	1594
1073	1595
1073	1596
1073	1597
1073	1598
1074	1283
1075	1076
1075	1537
1075	1812
1075	1926
1076	1077
1076	1079
1076	1769
1080	1612
1080	1857
1080	2124
1081	1114
1081	1299
1082	1083
1082	1084
1082	1085
1082	1086
1082	1087
1083	1084
1083	1086
1088	2008
1090	1779
1095	1519
1097	1315
1097	1316
1098	1354
1098	1369
1098	1717
1098	1718
1098	1719
1100	1101
1100	1102
1100	1103
1101	1613
1101	2199
1103	1588
1104	1338
1104	1744
1104	1784
1104	1840
1105	1118
1106	1810
1106	2024
1107	1192
1107	1385
1107	1748
1107	1810
1107	1811
1107	1812
1108	1131
1109	1309
1113	1215
1113	1548
1113	1584
1113	1600
1113	1680
1113	1735
1113	1797
1113	1964
1113	1973
1113	2069
1113	2157
1113	2171
1113	2218
1114	1115
1114	1116
1114	1117
1114	1118
1114	1119
1114	1279
1116	1369
1118	1385
1118	1824
1118	1859
1120	1338
1120	2008
1121	1122
1121	1123
1122	1275
1123	1262
1123	1275
1124	1126
1126	1127
1126	1128
1130	1131
1130	1132
1130	1133
1130	1134
1130	1135
1130	1424
1130	1491
1130	1520
1130	1705
1130	1953
1130	1976
1130	1992
1131	1132
1131	1133
1131	1134
1131	1135
1131	1356
1131	1394
1131	1677
1131	1992
1131	1994
1133	1135
1133	1463
1133	1613
1134	1338
1135	1445
1136	1137
1136	1138
1136	1139
1136	1140
1136	1312
1141	1142
1144	1145
1148	1149
1150	1194
1150	1196
1152	1155
1152	2199
1155	1156
1155	1157
1155	1196
1155	1393
1156	2031
1158	1196
1159	1554
1161	1162
1161	1163
1161	1164
1161	1165
1161	1166
1161	1338
1161	1548
1168	1169
1170	1171
1170	1682
1170	1836
1171	1446
1171	1789
1172	1284
1175	1284
1175	1600
1176	1433
1176	1577
1176	2144
1177	1554
1177	1702
1177	1880
1180	1181
1182	1183
1182	1184
1185	1475
1188	1194
1189	1194
1189	1241
1192	1194
1193	1194
1193	1196
1194	1195
1194	1196
1196	1197
1197	1237
1197	1540
1197	1541
1197	1842
1197	2073
1198	2124
1200	1201
1202	1203
1204	1205
1204	1206
1206	1770
1208	2069
1209	1323
1210	1211
1210	1212
1210	1213
1210	1214
1213	1952
1215	2173
1216	1641
1219	1220
1224	1225
1224	1226
1224	1461
1224	1554
1225	1226
1225	1461
1225	1554
1225	1559
1225	1799
1226	1280
1226	1356
1226	1461
1226	1494
1226	1497
1226	1554
1226	1559
1226	1974
1226	1975
1226	2180
1227	1228
1227	1229
1227	1230
1227	1231
1227	1232
1227	1233
1227	1234
1227	1235
1227	1236
1227	1237
1227	1338
1227	1384
1227	1786
1227	1808
1227	2118
1227	2128
1227	2173
1237	1661
1238	1239
1239	1754
1241	1242
1243	1244
1243	1245
1246	1691
1247	1248
1248	1675
1251	1252
1251	1253
1251	1254
1251	1255
1251	1256
1251	1257
1251	1258
1251	1259
1251	1260
1251	1261
1251	1483
1251	1522
1251	1744
1251	2056
1251	2157
1255	1600
1259	1774
1259	1840
1259	1958
1260	1350
1262	1263
1262	1430
1262	1458
1262	1857
1262	2087
1264	1265
1264	1266
1264	1267
1264	1268
1265	1269
1265	1744
1265	2040
1266	1270
1266	1770
1266	1896
1267	1269
1269	1270
1269	1271
1270	1338
1270	1490
1270	2011
1272	1273
1275	1276
1275	1277
1275	1278
1279	1280
1282	1835
1283	1284
1283	1285
1284	1285
1284	1380
1284	1494
1284	1504
1284	1516
1284	1517
1284	1518
1284	1519
1284	1520
1284	1521
1284	1522
1284	1523
1284	2019
1285	1469
1285	1530
1285	1762
1285	1782
1287	1501
1288	1289
1288	1290
1288	1291
1291	2087
1293	1294
1293	1295
1293	1296
1293	1297
1293	1298
1293	1520
1294	1295
1295	1296
1295	1297
1295	1641
1295	1702
1295	1722
1295	1834
1295	1835
1296	1297
1300	1358
1300	1393
1300	1516
1300	1595
1301	2076
1303	1751
1304	1554
1307	1715
1312	1313
1312	1314
1312	1349
1318	1385
1318	1449
1318	1608
1318	1609
1318	1610
1318	1611
1320	1896
1323	1324
1331	1857
1331	2017
1332	1341
1332	1463
1332	1476
1332	1521
1332	1643
1332	1644
1334	1786
1335	1836
1337	1338
1337	1357
1337	1360
1337	1379
1337	1396
1338	1339
1338	1354
1338	1356
1338	1371
1338	1385
1338	1394
1338	1397
1338	1401
1338	1427
1338	1444
1338	1457
1338	1470
1338	1492
1338	1494
1338	1500
1338	1552
1338	1565
1338	1732
1338	1757
1338	1758
1338	1759
1338	1760
1338	1761
1338	1762
1338	1763
1338	1764
1338	1765
1338	1766
1338	1767
1338	1768
1338	1769
1338	1770
1338	1771
1338	1772
1338	1773
1338	1774
1338	1775
1338	1776
1341	1770
1341	1896
1343	1344
1343	1345
1343	1346
1343	1347
1347	1945
1352	1661
1353	1354
1353	1355
1354	1645
1354	1744
1354	1789
1354	1822
1354	2011
1354	2014
1354	2140
1354	2172
1354	2173
1355	1521
1355	1927
1355	2140
1356	1723
1356	1805
1356	1822
1356	2118
1356	2155
1357	1930
1357	2119
1358	1369
1358	1581
1358	1684
1358	1904
1358	2023
1358	2135
1360	2105
1362	1403
1362	1599
1362	1600
1362	1843
1362	1896
1362	1914
1362	2140
1363	2199
1364	1483
1365	1421
1365	1489
1365	1509
1365	1510
1365	1797
1365	1805
1365	1910
1365	1927
1365	2029
1365	2133
1365	2140
1365	2172
1367	1509
1367	1896
1367	2105
1367	2164
1369	1489
1369	1490
1369	1830
1369	1932
1371	1489
1371	1553
1371	1554
1371	1840
1371	1896
1371	1910
1371	1947
1371	2011
1372	1588
1373	1723
1373	1840
1374	1409
1374	1435
1374	1509
1374	1576
1374	1927
1374	2164
1374	2172
1375	1836
1375	2124
1376	1952
1376	2092
1376	2172
1378	1846
1378	2011
1379	1441
1379	1554
1379	1786
1379	1904
1380	1389
1380	1489
1380	1553
1380	1684
1380	1690
1380	1789
1380	1896
1380	2180
1381	1382
1381	1786
1382	1805
1382	2121
1383	1384
1383	1385
1383	1386
1383	1387
1384	1405
1384	1554
1384	1559
1384	1794
1385	1538
1385	1540
1385	1554
1385	1556
1385	1559
1385	1576
1385	1754
1385	1857
1385	2134
1385	2201
1386	2128
1387	1446
1387	1876
1389	1390
1389	1391
1389	1392
1389	1393
1391	1867
1392	1430
1392	1439
1392	1490
1392	1504
1392	1600
1392	1867
1393	1461
1393	1541
1393	1600
1393	1629
1393	1691
1393	1867
1393	1876
1393	1947
1393	1951
1393	2194
1394	1554
1394	1770
1394	1995
1394	2173
1396	1505
1396	1600
1396	1679
1396	1770
1396	1774
1396	2105
1397	1490
1397	1548
1397	1822
1397	1896
1397	2011
1397	2134
1399	2000
1400	1691
1401	1786
1402	1691
1402	1930
1402	2014
1402	2156
1403	1633
1405	1600
1406	1794
1407	1891
1408	1539
1408	2017
1408	2091
1410	1538
1410	1540
1410	1554
1410	2173
1411	1458
1413	1444
1413	1598
1417	1554
1418	1430
1420	1554
1421	1554
1421	1602
1421	1682
1421	1726
1421	1840
1421	1896
1421	2164
1422	1600
1422	1822
1424	1896
1424	1909
1424	2038
1424	2164
1425	1588
1426	1896
1426	2140
1427	1483
1427	1896
1430	1439
1430	1492
1430	1520
1430	1569
1430	1570
1430	1571
1430	1572
1430	1573
1430	1574
1430	1575
1430	1576
1430	1577
1431	1446
1431	1836
1431	1947
1431	2124
1433	1497
1433	1554
1433	1818
1433	1927
1433	1930
1433	1999
1433	2075
1433	2124
1434	1922
1436	1437
1436	1438
1436	1439
1436	1440
1438	1497
1438	1840
1439	1521
1439	1595
1439	1824
1439	1870
1439	1871
1439	1872
1439	1873
1440	1481
1440	1676
1440	1888
1440	2186
1441	1442
1441	1742
1443	1444
1444	1462
1444	1476
1444	1665
1444	1666
1444	2050
1446	1659
1446	1791
1446	1863
1446	1885
1453	1510
1453	1770
1453	1786
1453	1846
1453	1891
1453	2023
1453	2060
1455	2118
1456	1987
1457	1600
1457	1774
1457	1857
1457	1944
1457	2118
1458	1459
1459	1483
1459	2069
1459	2164
1461	1462
1461	1463
1461	1559
1463	1548
1463	1680
1463	1797
1463	1944
1463	1964
1463	2135
1463	2171
1463	2218
1465	1522
1465	1541
1465	1662
1465	1663
1465	1702
1465	1799
1466	1554
1466	1682
1466	1691
1466	1822
1466	1857
1466	2011
1469	1538
1469	1554
1469	1682
1469	1701
1469	1886
1469	1896
1469	2127
1469	2133
1469	2199
1470	1481
1470	1538
1470	1554
1470	1556
1470	1840
1470	2134
1471	2011
1471	2140
1472	1691
1475	1489
1475	1538
1475	1676
1475	1677
1475	1678
1475	1770
1475	1836
1475	1896
1475	1968
1476	1521
1476	1554
1476	1896
1478	1489
1478	1521
1478	1740
1478	1964
1478	2011
1478	2127
1478	2133
1481	1499
1481	1500
1481	1554
1481	1887
1481	1896
1481	1952
1481	2011
1481	2105
1482	1492
1482	1513
1482	1952
1482	1958
1483	1484
1483	1485
1483	1486
1483	1487
1483	1488
1483	1789
1483	1836
1484	1805
1486	1554
1486	1799
1486	1896
1486	1904
1486	1995
1486	2090
1486	2164
1490	1491
1490	1492
1490	1493
1490	1494
1490	1495
1490	1496
1490	1497
1490	1498
1491	1539
1491	1540
1491	1691
1491	1702
1491	1705
1491	1715
1491	1744
1491	1774
1491	2011
1491	2014
1491	2087
1492	1774
1492	1786
1492	1818
1492	1840
1492	2014
1494	1600
1494	1691
1494	1700
1494	1760
1494	1770
1494	1857
1494	1964
1494	2164
1495	1691
1497	1511
1497	1634
1497	1635
1497	1636
1497	1691
1497	1760
1497	1840
1497	1846
1497	1857
1500	1505
1500	1987
1500	2115
1500	2119
1500	2133
1500	2173
1501	1502
1501	1503
1503	1705
1504	1505
1504	1506
1504	1813
1505	1520
1505	1539
1505	1813
1505	1814
1506	1639
1506	1852
1506	1914
1507	1508
1510	1511
1511	1547
1511	1910
1512	1588
1512	1848
1512	1960
1512	2016
1512	2164
1513	1514
1513	1515
1514	1952
1515	2198
1516	1538
1516	1540
1516	1840
1516	1947
1516	2173
1519	1816
1519	1817
1520	1538
1520	1600
1520	1603
1520	1661
1520	1784
1520	1786
1520	1799
1520	1818
1520	1934
1520	2000
1520	2124
1520	2134
1520	2173
1521	1565
1521	1605
1521	1612
1521	1666
1521	1822
1521	1944
1521	1957
1521	2022
1521	2164
1521	2171
1524	1525
1524	1910
1524	2010
1525	1533
1525	1618
1525	1619
1525	1620
1525	1682
1525	2010
1530	1691
1530	1896
1538	1539
1538	1540
1539	1540
1539	1743
1539	1784
1539	1806
1539	1818
1539	1820
1539	1836
1539	1892
1539	1909
1539	1989
1539	1990
1539	1991
1539	2082
1539	2133
1540	1564
1540	1715
1540	1743
1540	1784
1540	1786
1540	1818
1540	1820
1540	1836
1540	1990
1540	2133
1541	1542
1541	1543
1543	1751
1543	2140
1544	2105
1547	2170
1548	1549
1548	1550
1548	1551
1548	1552
1552	1584
1552	1680
1552	1797
1552	1944
1552	1964
1552	2069
1552	2157
1554	1555
1554	1556
1554	1557
1554	1558
1554	1559
1554	1560
1554	1561
1554	1562
1554	1563
1554	1564
1554	1565
1554	1566
1554	1567
1554	1568
1554	1569
1556	1928
1559	1794
1559	1975
1563	2040
1564	1760
1565	1770
1565	1857
1565	2124
1565	2140
1565	2199
1569	1840
1569	2199
1576	1963
1577	2059
1581	1582
1581	1583
1581	1584
1581	1585
1581	1586
1581	1587
1582	1584
1583	1584
1584	1585
1584	1586
1584	1587
1584	1864
1584	2119
1588	1589
1588	1590
1588	1591
1592	1786
1593	1600
1593	1840
1593	2010
1593	2153
1594	1638
1594	1958
1595	1600
1595	1684
1595	1879
1595	2023
1598	1617
1599	1600
1600	1919
1600	1922
1600	1960
1600	2002
1600	2003
1600	2004
1600	2005
1600	2006
1600	2007
1601	1602
1601	2127
1601	2183
1604	1914
1607	1896
1612	1613
1613	1770
1613	1846
1613	1896
1613	1964
1613	2011
1613	2140
1615	1677
1616	1689
1618	2011
1621	1622
1621	1623
1625	1626
1625	1627
1625	1628
1626	1857
1627	1857
1629	1630
1629	1631
1629	1632
1629	1770
1630	2164
1631	1682
1637	1638
1639	1640
1641	1691
1641	1774
1641	1786
1641	1826
1641	1857
1641	1983
1641	2052
1643	1836
1643	2127
1644	1896
1645	1646
1645	1647
1646	1774
1646	1793
1646	1874
1646	1918
1649	1884
1649	2060
1650	1723
1652	1779
1653	1964
1655	1995
1655	2140
1655	2156
1656	1947
1659	1789
1659	1880
1659	1947
1659	1969
1661	1853
1661	1854
1662	1663
1662	1664
1663	1799
1663	1884
1663	1997
1667	2060
1669	1896
1676	1691
1679	1680
1679	1681
1680	1779
1680	1896
1682	1863
1684	1685
1686	1891
1688	1904
1691	1692
1691	1693
1691	1694
1691	1695
1691	1696
1691	1697
1691	1698
1691	1699
1694	1927
1694	2140
1694	2182
1698	1857
1702	1703
1702	1704
1702	1880
1703	1880
1704	1880
1705	1706
1705	1707
1708	1896
1709	2127
1710	2208
1711	2203
1712	1713
1712	1714
1715	1716
1720	1721
1720	1722
1721	2090
1721	2143
1723	1724
1723	1725
1725	2118
1726	1857
1726	1896
1726	2164
1732	1744
1732	1840
1732	1927
1732	1987
1735	1846
1740	1741
1744	1745
1744	1746
1744	1747
1745	1770
1750	1770
1750	1930
1750	2167
1751	1752
1751	1753
1754	1755
1754	1756
1756	1760
1758	1789
1758	1884
1760	1824
1760	2102
1760	2103
1760	2104
1770	1804
1770	1935
1770	1936
1770	1937
1770	1938
1770	1939
1770	1940
1770	1941
1770	1942
1771	1927
1773	2011
1773	2203
1774	1797
1774	1824
1774	1840
1774	1870
1779	1780
1779	1781
1779	1782
1780	1848
1782	2020
1784	1785
1784	1786
1784	1787
1784	1788
1786	1819
1786	2043
1786	2044
1786	2045
1786	2046
1786	2047
1786	2048
1786	2049
1789	1790
1789	1791
1789	1792
1789	1793
1791	1884
1791	2114
1793	1831
1793	1857
1793	1947
1793	1969
1793	2059
1793	2194
1794	1834
1796	2203
1797	1798
1816	1955
1818	1819
1819	2153
1821	1964
1822	1823
1822	1824
1822	1825
1823	2011
1824	1834
1824	1889
1824	1964
1824	2016
1824	2087
1824	2220
1827	1828
1827	1829
1828	1928
1831	1832
1834	1950
1836	1837
1836	1838
1836	1839
1836	1840
1836	1841
1837	2019
1840	1917
1840	1931
1840	1952
1840	1987
1840	1998
1840	2026
1840	2131
1845	1952
1845	2098
1846	1847
1848	1849
1848	1850
1848	1851
1848	1852
1848	2069
1850	1969
1850	2164
1855	1856
1857	1858
1857	1859
1857	1860
1857	1861
1857	1862
1857	1863
1863	1947
1863	1969
1864	1865
1864	1866
1868	1869
1875	2056
1875	2157
1878	1879
1878	1882
1879	1962
1880	2184
1880	2185
1881	2059
1884	1885
1885	1958
1887	1888
1893	1896
1896	1897
1896	1898
1896	1899
1896	1900
1896	1901
1896	1902
1896	1903
1904	1905
1904	1906
1904	1907
1912	1913
1914	1915
1914	1916
1914	2090
1917	2134
1917	2164
1919	1960
1920	1943
1922	1923
1927	1928
1927	1929
1928	2131
1930	1931
1931	2068
1932	1933
1932	1947
1932	2135
1934	2072
1937	2173
1939	2016
1942	2025
1944	1945
1947	1948
1947	1949
1952	1953
1952	1954
1958	1959
1969	1970
1969	1971
1970	2124
1973	2069
1983	1984
1987	1988
1992	1993
1992	1994
1993	2131
1995	1996
1995	2166
1999	2000
1999	2001
2000	2093
2008	2009
2011	2012
2011	2013
2011	2014
2015	2016
2015	2019
2016	2177
2017	2018
2027	2124
2029	2030
2031	2032
2031	2033
2031	2034
2040	2041
2040	2042
2043	2188
2056	2057
2060	2061
2069	2070
2073	2074
2076	2077
2076	2078
2083	2084
2083	2085
2087	2106
2098	2099
2098	2100
2121	2122
2124	2125
2124	2126
2128	2129
2128	2130
2135	2136
2137	2138
2140	2141
2140	2142
2142	2199
2158	2159
2158	2160
2164	2165
2167	2168
2173	2174
2173	2175
2173	2176
2188	2189
2188	2190
2199	2204
2201	2202
2216	2217
